Enter the size of the list: 50
The list is:
42      468     335     501     170     725     479     359     963     465     706     146     282     828     962
492     996     943     828     437     392     605     903     154     293     383     422     717     719     896
448     727     772     539     870     913     668     300     36      895     704     812     323     334     674
665     142     712     254     869     Order of Sorted elements:  36 42 142 146 154 170 254 282 293 300 323 334 335 359 383 392 422 437 448 465 468 479 492 501 539 605 665 668 674 704 706 712 717 719 725 727 772 812 828 828 869 870 895 896 903 913 943 962 963 996
CPU time for your_function = 0 microsecs.=  0.000000 secs.

--------------------------------
Process exited after 11.01 seconds with return value 0
Press any key to continue . . .
